$ANSIBLE_VAULT;1.1;AES256
61353164373031633564343736346133323334303235366537346334303935376364343734393263
6332386138313636323430646263373335376639373136370a363164376633663565383664633465
65356666623939613431303363643238343433656663343965616236376634353132316231306533
3962636436623935650a343532626133393436313034353862623733633461626436343236386335
36663936623738646638613430626533383761356663333666623861393666323033636364326438
62663932306261323034666634346135613632373666613561313031646130366166383735326237
65666534613732616130333530613064653262306138363065646665613136353735663861323464
37656137383834666665656531343363643433303239313064343030353062626665646563303434
34343935643034626434353034303636323265643166663562626132343931383931336633636665
36326139346330663439353730626565663565383562663436303630393262353738356232613531
36666363656134393638313261303937373535303562363831363636383335666466613730316232
61643963623664633066386136653035313564383361366337303933646234646130323635396266
30646333343763366635373561383931373338656661353266323533653635633835333436303334
64366133346162616638333962336162373563383031636330343362633535316138373639386134
65656366346662643432656161373139363437613564393333623731316531333265366230633764
33333636323862316266363738303065366166383363663566363061353034303738663332633038
30613730306330373738376435663162393037336437653964336165656535626234663965643336
33313264633439633139323337613032326531393630336538656465393836313135656231346535
36383833313332343163653262393538666534363735353035356233306239376262336365353431
30616461353334623439383163393334323165353464333163386564653261306131366330303762
65323265316130643865353362663361323866653439373866393930643337626663306237633166
65353031333233633134393466613232343065623838383166363662343935653638376532373433
63666561326333363364316266373439393135616335393137343363343563663563383563303565
34613033353335313164636636393735313037656264656236636464656236393730396536336463
66653736623336343834653836633064653865373934306461366564353937346335343464666533
61663061346664346434343962353837663862623961666565336436323961383463333037333034
34356662643533323132346435313263653837306639643034313639373139306633373435303962
32313562316232336539396539376165633738623834313461626237376139326431343762383564
37373232343961393765353133316236376665303033376330383432333761663966633434393165
35373230316562346236643862396635353830316531363761386330333736653136383866326630
64656230326461613937636464373336653562633564336336663663323961623833323434393962
65363763643361623139653131366337363834336265633735376566333232656235376634333136
36356135393833383763363033333431613962386632323766636439613038646362313137623961
63323135643830633963616632326132646561366365383335646332616639666666346536393038
39343435393339346131623661393630396463643461343262303738613635346137616631393230
64373436333063303462353331393636303631356331306438613031393362373336353834326363
66323062393435333131353138343435316436363435613338333461653063643063336465323363
30633337316161363339303065383630663163633637643430663761386437643965356662613932
37373335376537313438633663376532323036623865313365313630383663653361343934396638
36333664633330303362316236613565326433366235643232616439623563656437363165373464
66666361353966313664653336666464633937623365663234633363653635633138303164316438
61666436643335666364393664363662326365623637663832323362633163616431343334363637
62656133353434636261333232653530346365623466646536363664663739646561396462613733
65376435636336616439623463323639383135613564393764306434646666663338613138333935
35636632386561653163363039343733656661313663623130383338383938333132373332633763
37663639383830313931656435373664343232376436393638613865663735396365303965653834
33636335373433323062643966373633313563666162646433323533313362623765366661653066
65393732333265393535656531633866623835313636386135333962333834363963336634336535
36363263383338323233633631333433336165663135643131383639666339373764386638383232
31626462333037633762383733653062613830383864323336626264393661376365373938383861
63636637653530366465633337326533353561326437343735623230653465633839333635356465
62323165313864396333333330616235633231636334333666366538303262356363366561313463
61373262633737376234393432646462336139343433306135663134363030393962643739386265
38656636633164356532623333383432353532663136336535623162396366306532396231623635
38653964346630353663626231613236613864313437616135626233623730663037393066393561
30353163613135316163646464623163633261373532636335336638643933303061626664633038
35386262363062633637306163613436633662396437626435363735626530646261303136303230
64636435346135653338653237383332616135306164373431646562383834633862376466363339
63393234653864356666323261383333613639353863373964376630346665373239396537656438
33653965656163346436343836316164643932333836393732363665313831613534633539633836
63376366353532326162343338666530326265303731386661326138306537323861643565306533
35303662623763356166386362383463646364633463386233633466613837383337313830653533
30653132636634313136323463396435383862663363373039356633313632343863356238623036
64356665623666663337393635366432653865333334343133643961383166613965363335363035
33663438316461653531393130643638376463636161343538306262303362323164303432313332
61643864653630663131636634326337356266616230353665663730326530633862343238393531
62666465303264653463613532393330643263663766366537313765656461323433353032663731
33383431363962373933326564626337376232323561633536336237323339323539633336396231
62633164353839666430323565303265313736333637303263396131643839396238643636366334
33323737666638343735353837613431353130653335626437633439373537613061313562316239
36303536613962356462323834653433303166633436316536313263373337376535313163643366
38373631656432353764376363373637393430663363303535376437383533303734653266336266
35386264373266326662333164383861346332646430663138303132303962323366636163346566
39396664376231396539306630393136633031373438323734666131336161376161396666623933
37326136386135636137663534616262323037353936356566366134626266666265353238383461
65363330343762346632613862656466336561313163396664346532656239303432386264616334
63386362343634346333623836633163663035366436376162356562313631643934343366626164
64643766363034356135656563343038333234616365613331346465613231343933383131373230
31333865346438386366373265343537616663626562623065356438336361373836396539626265
36306237623835653564323538656234623036383431663032303062666436376231353739336364
62626162316466316631663139366630326236396631656162336162303134366231383130336466
33383431653966303165366464353963656438393431333630316463656431356266363336363866
36396430646539336562666132383433326430393132383035346362616536363236386361343863
65656534636233623762346537303335643037306462356664346663653464393061663230326434
34653038383362313739386463396339316336656461363565373966623665323665306332663636
34643734346135303534623331383435376639333131336431316436343834663532373962316435
36643861333530343632303761646663306466383734636234383438396336643132366138303965
34633265636431373238316165656562633132373331633336336438353237373365363637666263
39643036626465323264613333376138626538323662653639653465353437383236303962326330
63356635326162356533636266386564626663373033303263323536333532323464376635303562
36323839613130386662353464616334323038343533656632306663303735323039656465633434
39646361336231653066643765653665643463313233646261633835343564316666353530633862
32656534633937663635626364313330656135353035336434666637653732396365613561343230
64326562386631633330383563336262383161646336313032653161326166623662633737393037
66326434353630383766316263643562356231363931333366356539363862333537393139646338
35323037646438396339343334353164356536636132663666323862353964616336306530313138
30303734346633633262643165316434393532616537663931663036356562313633323639653463
37626265303133356439333730363631313130346466613035303936373362363261303137373232
63623731636332613434323637303031656636363064336338666238333431323437656136346530
31613465346563663766373036623465393033373465366235316137356635623034346139363163
36653363353235303661633864313866313666326261303134313663323262303666366232306336
38663132363835663936393239363463313166623163626331643966373664633765326665383531
30323865643134363964613665383766353930393933633939653861363638383863653065646461
30656639303031616463616561306632373135316337383266373963633833393761656331306237
38626537326632363936333333383061363861306638326131343339646537353531643432373661
65643230396533393863616635323530323934383063343765363632626139303036316630336639
65376430333139646366383431633164663638383765323363313163363761643539393338643965
66623732303036323766636534393963623934366230346564373136303561646362343462626638
39623039643061346661396265336539313031353565303435396338393465323062636333653466
31396639346632643231316539323232313963653362646538313662363764313130383462356239
37356137333435343730396533356536323537393131343636636431353233303466613639333737
65316464323964656166616135636666663165616439663336363032363465633739303933313530
34373338316266393062646234653232343264336437636432613930386238393033323333303836
63666561373938626139653837636261633365396461353866653534323734643864306535643831
61323836663931643536626638666237393063653364636164333438353531623033383764653534
36643330663136396136623466393866343763663338613265353163343230316132666331636664
39393164646333323733346636643331653237373430613534356439313735393039376132333961
32396334356431373933343930313763323433376163356139343633316339323665633730393765
36303931303461663862313965376131353933646431376134373166623766393763663830343266
32663562653463336335653031623335383934386161396362653066313761393132333366333136
31343563336466653830356266333332656330386562386362363530393562316335313562653431
33643030366438393135616336626339346261343337333930356331313434323835633465666137
62393033393565386437386134393534623333303039646530613338376539383864626634383966
62393235383939656232326136376364313666646365356463383133383438626532396461326537
33643334636530313163346338343232396230663562633362346662316335343963303831363436
30383735383763383939393663373432333637333163653032383239623931613335316638356164
66373330386264626263656333313163343765366666383930333164393134653633363963643330
37316538386666656262643539623861336135383137363936316236393466613134636433643065
38656530633130653039613736393939333436633336393561303965316430333066386635663761
30393230386235373738653461336338633839366337323330303631346131643764306638663031
37316331313664666363646437646464306238316364623265393835323034326530343133356661
66376537306433396337626466646266643034616232623062376166393635623033316232663434
34396638356533623932663934306361393737653938326135313936323265623637363066346530
33343438396461343533653238336231363134303166353733306366356661353832346365363765
39386466396666666264353832396132303266636334353562353139303436663830623765613136
38393362333332313737343763663564326563346430386161326164653835313964383230356330
63313764643564313465666634313635363532326665653430373733636338336234323136366332
62366633336461373738656564316565323035346630353830656232643936643064353864386463
62633436626132383563396466383136393635303966323730396338373339353866633264343638
32663339623961373437653862626261323961373366613234323964366539383031646637653737
39306661663335633332333665323231363539643665333036326462613634356165326633646234
37313239646435323863653430373462663264613364376238343831386661323662626534613464
64623734613162623431353834643332376233626266666161633433333534303563633131663163
33653033393733643165386538353332646231626563616366396564313362346439646336373565
30316339343330666463346531396366396536666631396634366532343534353634646232656565
30323930336565306666376362626265316137313663373663323238656536376638313333343566
38333439303961663839343238663236633537636232366538643366633330656264396333633061
36363337363733653366663530376661653237343736343131646236313163393535393964613362
31643231306538313061613136336466393133353133386264376261313566613265626538366666
36373262323762383365623739666266333636323564353962656433616461333461626338653034
36333034653237393531666436373062336539633831633738656538616133333632336335336366
36343330303336343164306263613131613462356661623762393530336338623033666130363663
65393034623639633261306330373933346633646139363962643937306234666534343838653563
33653236343961653964666331343639626233393464633933323135373365336363616432383536
34366139326465316163343564643937303032613437656235626538663566363364353165663864
35383731643631623136656163363139386561653937323465636439663335323066386163313130
62646462653664613863303731316665376238623463333335333462366137663632333839656265
65323236336332653339643536653632656232356364636237386664313266376231326334353139
31343036656565373162356332636563303036663765353566613361363261363739643933303138
38383162303765336132333530636234363139653032613135636232316661666637356562316335
66323333383264363435623534616136646464393463653532396235356161313061366631393835
65393466383463393264613462633033626661323333643533336430323033643339643138353633
37633838653463316163653634333662393064393662643266396166613830656661386335373430
35303130356632393839356538303538613539303130323533306332656133643061623438383032
64323763396566343436363237646163373033386232623530623765313335336531363963343437
64393263343632666162353636633834343166656532366431353634336261653335643865663038
63613130376561653962643933353864353632383333316164353639363365343861626134343465
35663330336131323066303861643831383835306136393835336136326564613037383436313432
33313963303438323033336565666563613966356264646531333961316530376664313932643937
36643239333564623230376633316265316666393238373733613033303465386530396364323862
63336132616566636235613565313932316530393463383132636135326562303330366332663431
63633432393133376536636464643330336463353663643430383365353732653432326535333030
64323532636532373239646132336161386261616261633039626239646138336366646261666637
64363630376432613231383465643830616234656162343439393335396336393865363864323330
30653761373661663933386334366466646166313432616661343232333032306461363531613363
38653333393031626236626361333562306230643662353838336336306635616264306165333966
61653631653634626262633361356466643963306564363238356563656238356530636162306634
62663533353230663836386533626534343463633439373130303765326131323266323037386232
62633034393533623532363535666163383164303866356362633830313735343939663438326561
35366132353537396331343439383838353663306366663434613663323133633233613066356438
36316531633339303665636633363437653730376231626362323937303735616438373332386537
62323532396439656164633030333364333731313038316562633263363662346265316362333363
66363632343031393438616431613732373162653037653837663639383166346465636162356336
35616561383364613537343634353965376236623235353037356433333762303638366234366434
38653533643934373034323265316430636262636465663563336135363835666637356235303039
31353839373035636333346161383330353632616436633462346537326237336664343030626131
31313861613932353964376362383434363435633231323630353738336336316664346136653866
63353334353236336638333437316530313738303038306263373664653432643433313266383666
35643031323365313863356230336336383931343834313532306661376338303434333138323339
36613336313765373761633164306231663933383938333934376338643966613630663838666639
37653862373561626165353736636536396532623766656336396430303737353064376136326664
34623765363163323233653436623962653864356238323863663761616330373635346139356434
61646638623661373966626636653630653665626430363335303130663738323531323534366536
61626235663734663639653736646164306564633863636665623866363333343638636665623532
64656662303966366638646231336430643832626165373165346337346435303130643261623033
62363930333634363734
